MINOTAUR I SMALL FAIRING 450KM CIRCULAR POLAR - PAYLOAD TO ORBIT = 897.0 LBS
 4         1         0
 5
-15.0     -5.0      0.0       5.0       15.0
15
0.0       0.1       0.25      0.5       0.9       0.95      1.05      1.25
1.50      2.0       3.0       4.0       5.0       7.5       10.0
-0.83734  -0.2009   0.0       0.2009    0.83734
-0.85646  -0.2048   0.0       0.2048    0.85646
-0.87309  -0.2068   0.0       0.2068    0.87309
-0.89738  -0.2085   0.0       0.2085    0.89738
-0.94584  -0.2079   0.0       0.2079    0.94584
-0.97749  -0.2086   0.0       0.2086    0.97749
-1.12998  -0.2183   0.0       0.2183    1.12998
-1.37120  -0.2755   0.0       0.2755    1.37120
-1.53058  -0.3073   0.0       0.3073    1.53058
-1.77053  -0.3219   0.0       0.3219    1.77053
-1.83805  -0.3217   0.0       0.3217    1.83805
-1.65182  -0.3124   0.0       0.3124    1.65182
-1.57053  -0.3223   0.0       0.3223    1.57053
-1.52576  -0.3463   0.0       0.3463    1.52576
-1.51925  -0.3384   0.0       0.3384    1.51925
0.475939  0.2615    0.243     0.2615    0.475939
0.435509  0.2177    0.199     0.2177    0.435509
0.427541  0.2058    0.187     0.2058    0.427541
0.425766  0.1979    0.179     0.1979    0.425766
0.457388  0.2195    0.197     0.2195    0.457388
0.493821  0.2431    0.224     0.2431    0.493821
0.585409  0.2931    0.273     0.2931    0.585409
1.141799  0.7750    0.748     0.7750    1.141799
1.126530  0.7215    0.692     0.7215    1.126530
1.123532  0.6576    0.627     0.6576    1.123532
1.060872  0.5792    0.549     0.5792    1.060872
0.956102  0.5252    0.496     0.5252    0.956102
0.900156  0.4930    0.463     0.4930    0.900156
0.850889  0.4589    0.427     0.4589    0.850889
0.848112  0.4572    0.426     0.4572    0.848112
460.0     460.0     460.0     460.0     460.0
460.0     460.0     460.0     460.0     460.0
460.0     460.0     460.0     460.0     460.0
460.0     460.0     460.0     460.0     460.0
460.0     460.0     460.0     460.0     460.0
470.0     470.0     470.0     470.0     470.0
480.0     480.0     480.0     480.0     480.0
475.0     475.0     475.0     475.0     475.0
470.0     470.0     470.0     470.0     470.0
465.0     465.0     465.0     465.0     465.0
460.0     460.0     460.0     460.0     460.0
455.0     455.0     455.0     455.0     455.0
450.0     450.0     450.0     450.0     450.0
445.0     445.0     445.0     445.0     445.0
440.0     440.0     440.0     440.0     440.0
0.05      0.05      0.05      0.05      0.05      0.05      0.05      0.05
0.05      0.05      0.05      0.05      0.05      0.05      0.05
 2
0.0       0.0
0.0       0.0
0.0       0.0
0.0       0.0       0.0
 5
-15.0     -5.0      0.0       5.0       15.0
 7
3.0       4.0       5.0       7.5       10.0      15.0      20.0
-1.0547   -0.1755   0.0       0.1755    1.0547
-0.9836   -0.1849   0.0       0.1849    0.9836
-0.9521   -0.1970   0.0       0.1970    0.9521
-0.9415   -0.2181   0.0       0.2181    0.9415
-0.9485   -0.2181   0.0       0.2181    0.9485
-0.9689   -0.21526  0.0       0.21526   0.9689
-0.9850   -0.2180   0.0       0.2180    0.9850
0.824044  0.54036   0.523     0.54036   0.824044
0.764632  0.5020    0.484     0.5020    0.764632
0.731356  0.4790    0.460     0.4790    0.731356
0.712985  0.4557    0.435     0.4557    0.712985
0.717953  0.4557    0.435     0.4557    0.717953
0.715143  0.4424    0.422     0.4424    0.715143
0.713230  0.4337    0.413     0.4337    0.713230
300.0     300.0     300.0     300.0     300.0
290.0     290.0     290.0     290.0     290.0
280.0     280.0     280.0     280.0     280.0
270.0     270.0     270.0     270.0     270.0
260.0     260.0     260.0     260.0     260.0
250.0     250.0     250.0     250.0     250.0
240.0     240.0     240.0     240.0     240.0
0.05      0.05      0.05      0.05      0.05      0.05      0.05
 2
0.0       0.0
0.0       0.0
0.0       0.0
0.0       0.0       0.0
 3
-15.0     0.0       15.0
 7
5.0       7.5       10.0      15.0      20.0      25.0      30.0
0.0       0.0       0.0
0.0       0.0       0.0
0.0       0.0       0.0
0.0       0.0       0.0
0.0       0.0       0.0
0.0       0.0       0.0
0.0       0.0       0.0
0.0       0.0       0.0
0.0       0.0       0.0
0.0       0.0       0.0
0.0       0.0       0.0
0.0       0.0       0.0
0.0       0.0       0.0
0.0       0.0       0.0
0.0       0.0       0.0
0.0       0.0       0.0
0.0       0.0       0.0
0.0       0.0       0.0
0.0       0.0       0.0
0.0       0.0       0.0
0.0       0.0       0.0
0.0       0.0       0.0       0.0       0.0       0.0       0.0 
 2
0.0       0.0
0.0       0.0
0.0       0.0
0.0       0.0       0.0
 3
-15.0     0.0       15.0
 7
5.0       7.5       10.0      15.0      20.0      25.0      35.0
0.0       0.0       0.0
0.0       0.0       0.0
0.0       0.0       0.0
0.0       0.0       0.0
0.0       0.0       0.0
0.0       0.0       0.0
0.0       0.0       0.0
0.0       0.0       0.0
0.0       0.0       0.0
0.0       0.0       0.0
0.0       0.0       0.0
0.0       0.0       0.0
0.0       0.0       0.0
0.0       0.0       0.0
0.0       0.0       0.0
0.0       0.0       0.0
0.0       0.0       0.0
0.0       0.0       0.0
0.0       0.0       0.0
0.0       0.0       0.0
0.0       0.0       0.0
0.0       0.0       0.0       0.0       0.0       0.0       0.0 
 2
0.0       0.0
0.0       0.0
0.0       0.0
0.0       0.0       0.0
 1        180.0      1        5.9
385.0     0.0       34.5764   -120.6324 90.0      180.0     0.0       0.0
0.01      578.0     1.0
0.0       23.3997   79850.0   34020.0    2
61.38     12.2431   14.69      0
61.39     21.8264   28965.0   15212.0    2
64.4      5.0688    14.69      0
125.8     14.748    13409.0   4776.0     2
74.5      6.268     0.0        0
510.0     14.748    3004.0    1305.0     2
67.3      2.3371    0.0        0
38
0.0       0.71      5.40      15.94     31.76     47.59     52.86     57.28
61.38     61.39     66.99     72.07     77.14     87.30     97.46     112.69
124.40    125.79    125.8     140.8     155.8     160.8     165.8     180.8
191.59    195.8     200.3     510.0     510.01    513.1     525.0     533.0
540.0     567.0     568.6     574.8     577.3     578.0
102186.7  199786.7  198788.4  203779.8  200170.6  201860.0  200093.9  45822.8
0.0       42654.1   51364.6   55211.3   56928.0   56355.7   50379.1   44211.8
30446.6   0.0       22250.0   37105.0   42949.0   43846.0   42949.0   37632.0
28590.0   2308.0    0.0       0.0       5213.0    6133.3    7783.0    7783.0
8255.5    8255.5    6000.0    4000.0    0.0       0.0
17         1
0.0       2.0       3.0       4.0       8.0       10.0      11.0      12.0
13.0      14.0      15.0      23.0      30.0      57.0      144.0     192.0      
578.0
0.0       0.0       -3.3      -7.0      -7.0      -6.0      -4.0      0.0
0.6       0.7       0.7       0.5       0.4       0.191     0.1       0.06
0.06
0.0       0.0       0.0       0.0       0.0       0.0       0.0       0.0
0.0       0.0       0.0       0.0       0.0       0.0       0.0       0.0
0.0
