X-15 AIR-LAUNCH - GENERAL THRUST MODEL WITH CHAMBER PRESSURE
 1         0         1
 5
-20.0     -10.0     0.0       10.0      20.0
 6
0.0       0.89      1.1       1.7       3.3       5.7
-1.09     -.6123    0.0       .6123     1.09
-1.09     -.6123    0.0       .6123     1.09
-1.168    -.6085    -.05      .6085     1.168
-1.01     -.5173    -.05      .5173     1.01
-0.5784   -.2389    -.025     .2389     .5784
-0.5690   -.1952    -.025     .1952     .5690
.081      .0748     .06       .0748     .081      
.081      .0748     .06       .0748     .081
.1389     .111      .10       .111      .1389     
.1321     .111      .09       .111      .1321
.0981     .0594     .055      .0594     .0981     
.0950     .0417     .038      .0417     .0950
0.0       0.0       0.0       0.0       0.0
0.0       0.0       0.0       0.0       0.0
0.0       0.0       0.0       0.0       0.0
0.0       0.0       0.0       0.0       0.0
0.0       0.0       0.0       0.0       0.0
0.0       0.0       0.0       0.0       0.0
0.05      0.05      0.05      0.05      0.05      0.05
 2
0.0       0.0
0.0       0.0
0.0       0.0
0.0       0.0       0.0
 0        180.0      1        0.0825489
13716.0   241.958   37.975    -116.833  0.0       180.0     0.0       0.0
0.01      1000.0    10.0
0.0       18.5806   15104.626 6803.8855  1
0.037802  9.8       21.0      80.0      257996.85 277.0     4.13685   0.0
1.2       1.0        2         0
 3
0.0       79.9      80.0
4.13685   4.13685   0.0
10         1
0.0       5.0       6.5       20.0      30.0      190.0     200.0     280.0
290.0     1000.0
0.0       0.0       15.0      15.0      5.0       10.0      18.0      18.0
10.0      10.0
0.0       0.0       0.0       0.0       0.0       0.0       0.0       0.0
0.0       0.0
